[[(1001, -915), (1001, 0)], [(199, -111), (1118, -111)], 1112]
[[(-1722, -295), (-1722, 563)], [(-1810, 506), (-1478, 506)], 2228]
[[(-1722, -295), (-1722, 563)], [(-1810, 226), (-1493, 226)], 1948]
[[(-696, 1797), (-696, 2427)], [(-713, 1873), (114, 1873)], 2569]
[[(-3, 2404), (-3, 3076)], [(-165, 2432), (670, 2432)], 2435]
[[(-143, 2404), (-143, 2984)], [(-165, 2432), (670, 2432)], 2575]
[[(265, 2245), (265, 2984)], [(-165, 2432), (670, 2432)], 2697]
[[(2115, 3067), (2115, 3895)], [(1284, 3637), (2228, 3637)], 5752]
[[(2061, 3003), (2061, 3895)], [(1284, 3637), (2228, 3637)], 5698]
[[(1611, 3512), (1611, 4105)], [(1284, 3637), (2228, 3637)], 5248]
[[(3035, 3227), (3035, 3959)], [(2118, 3553), (3082, 3553)], 6588]
[[(3367, 2270), (3367, 3227)], [(2976, 2291), (3449, 2291)], 5658]
[[(3367, 2270), (3367, 3227)], [(3260, 2602), (3449, 2602)], 5969]
[[(3261, 2071), (3261, 2270)], [(2323, 2123), (3286, 2123)], 5384]
[[(3261, 2071), (3261, 2270)], [(2842, 2110), (3476, 2110)], 5371]
[[(5523, 3274), (5523, 4158)], [(5052, 3501), (5622, 3501)], 9024]
[[(6126, 3739), (6126, 3972)], [(5622, 3779), (6192, 3779)], 9905]
[[(6126, 3739), (6126, 3972)], [(5960, 3956), (6192, 3956)], 10082]
[[(4593, 3171), (4593, 3341)], [(3924, 3280), (4611, 3280)], 7873]
[[(3410, 3958), (3410, 4575)], [(3082, 4282), (3834, 4282)], 7692]
[[(3745, 4208), (3745, 4285)], [(3082, 4282), (3834, 4282)], 8027]
[[(2876, 3074), (2876, 4016)], [(2228, 3495), (2905, 3495)], 6371]
[[(2876, 3074), (2876, 4016)], [(2118, 3553), (3082, 3553)], 6429]
[[(-713, 1766), (-713, 1873)], [(-1219, 1797), (-696, 1797)], 2510]
[[(-165, 1947), (-165, 2432)], [(-254, 2245), (265, 2245)], 2410]
[[(367, -320), (367, 231)], [(0, 0), (1001, 0)], 367]
[[(248, -239), (248, 745)], [(0, 0), (1001, 0)], 248]
[[(853, 2286), (853, 3091)], [(668, 2630), (1140, 2630)], 3483]
[[(2905, 2712), (2905, 3495)], [(2876, 3074), (3493, 3074)], 5979]
[[(3286, 2123), (3286, 2883)], [(3261, 2270), (3367, 2270)], 5556]
[[(3476, 1719), (3476, 2110)], [(3261, 2071), (4017, 2071)], 5547]
[[(3082, 3553), (3082, 4282)], [(2876, 4016), (3564, 4016)], 7098]
[[(3834, 3751), (3834, 4282)], [(3617, 3882), (3994, 3882)], 7716]
[[(3834, 3751), (3834, 4282)], [(3446, 3769), (3994, 3769)], 7603]
[[(3834, 3751), (3834, 4282)], [(3410, 3958), (4361, 3958)], 7792]
[[(3924, 3280), (3924, 3751)], [(3508, 3709), (4361, 3709)], 7633]
[[(3924, 3280), (3924, 3751)], [(3740, 3738), (4511, 3738)], 7662]
[[(5052, 2939), (5052, 3501)], [(4593, 3341), (5354, 3341)], 8393]
[[(5960, 3956), (5960, 4737)], [(5951, 3972), (6126, 3972)], 9932]
[[(3369, 5949), (3369, 6894)], [(2564, 6356), (3523, 6356)], 9725]
[[(3369, 5949), (3369, 6894)], [(2635, 6214), (3605, 6214)], 9583]
